name,price
Grant's,Van: € 21.29 voor: € 18.49
The Famous Grouse,Van: € 23.98 voor: € 17.99
Smirnoff,Van: € 19.98 voor: € 14.99
Glen Talloch,Van: € 25.99 voor: € 22.49
Jachtbitter,Van: € 18.99 voor: € 14.49
Ballantine's,Van: € 25.98 voor: € 19.49
Sonnema Berenburg,Van: € 14.49 voor: € 10.99
Grant's,Van: € 28.99 voor: € 25.99
Eristoff Vodka,Van: € 19.98 voor: € 14.99
Havana Club Añejo Especial,Van: € 20.98 voor: € 15.99
Hooghoudt Beerenburg 74 kruiden,Van: € 14.99 voor: € 11.49
Disaronno Originale,Van: € 20.99 voor: € 15.99
Licor 43,Van: € 20.99 voor: € 16.99
Bacardi Spiced,Van: € 30.49 voor: € 22.99
Cointreau,Van: € 23.49 voor: € 18.99
Dalwhinnie Winter's Gold,Van: € 44.98 voor: € 34.99
Bacardi Limón,Van: € 19.49 voor: € 14.62
Grand Marnier,Van: € 26.99 voor: € 21.59
Hooghoudt Kalmoes Beerenburg 77 kruiden,Van: € 16.59 voor: € 12.49
The Famous Grouse,Van: € 17.99 voor: € 14.99
Hooghoudt Zachtbitter 53 Kruiden,Van: € 15.19 voor: € 11.49
Bacardi Carta Blanca,Van: € 17.98 voor: € 13.49
Aerstone 10 Years Land Cask,Van: € 25.98 voor: € 19.99
Dalwhinnie 15 Years,Van: € 46.49 voor: € 37.19
Bacardi Carta Negra,Van: € 18.98 voor: € 14.24
Bacardi Spiced,Van: € 17.98 voor: € 13.49
Johnnie Walker Black 12 Years,Van: € 42.99 voor: € 32.99
The Glenlivet Founder's Reserve,€ 36.99
Talisker 10 Years,Premium € 29.59
The Famous Grouse Smoky Black,Van: € 43.99 voor: € 33.99
Cardhu Gold Reserve,Van: € 25.99 voor: € 21.99
Talisker Skye,Van: € 35.98 voor: € 29.99
Jim Beam White Bourbon Whiskey,Van: € 40.98 voor: € 32.78
Singleton Malt Master,Van: € 20.99 voor: € 15.99
Talisker Storm,Van: € 31.98 voor: € 25.58
The Deveron 10 Years,Van: € 46.99 voor: € 37.99
Bacardi Razz,Van: € 19.49 voor: € 14.62
Havana Club Añejo 3 Años,Van: € 19.18 voor: € 15.99
Pallini Limoncello,Van: € 13.29 voor: € 10.99
Highland Park 12 Years Viking Honour,Van: € 42.99 voor: € 35.99
Deanston Virgin Oak,€ 31.99
Jim Beam Honey Flavored Bourbon Whiskey,Premium € 25.99
Molinari Limoncello di Capri,Van: € 22.69 voor: € 17.69
Licor 43 Chocolate,Van: € 19.98 voor: € 16.99
Café Marakesh,Van: € 21.99 voor: € 17.99
Aerstone 10 Years Sea Cask,Van: € 13.29 voor: € 9.99
The Glenlivet 15 Years French Oak Reserve,Van: € 25.98 voor: € 19.99
The Glenlivet Captain's Reserve,€ 57.99
Bacardi Mango,Van: € 19.49 voor: € 14.62
The Glenlivet Caribbean Reserve,€ 39.99
Aberfeldy 12 Years,Premium € 31.99
Tokara Noble Late Harvest,Van: € 38.99 voor: € 33.99
Naked Malt,€ 19.98
Laphroaig 10 Years Single Malt Whisky,Premium € 14.98
Bacardi Carta Oro,Van: € 30.99 voor: € 25.99
The Glenlivet 12 Years,Van: € 46.99 voor: € 37.99
Havana Club 7 Años,Van: € 19.98 voor: € 14.99
Licor 43 Baristo,€ 41.99
Jim Beam Apple Flavored Bourbon Whiskey,Premium € 33.59
Dewar's 12 Years,Van: € 29.99 voor: € 23.99
Bacardi Coconut,Van: € 19.49 voor: € 14.62
Puschkin Black Sun,Van: € 10.49 voor: € 8.99
Highland Park 10 Years Viking Scars,Van: € 37.99 voor: € 30.99
Fiorito Limoncello,Van: € 21.49 voor: € 16.99
Highland Park Dragon Legend,Van: € 48.99 voor: € 39.99
Havana Seleccion de Maestros,Van: € 49.99 voor: € 40.99
Dewar's Caribbean Smooth,Van: € 25.99 voor: € 20.99
Puschkin Vodka,Van: € 13.98 voor: € 10.49
Berentzen Apfelkorn,Van: € 14.58 voor: € 10.99
Puschkin Watermelon,Van: € 11.99 voor: € 10.19
Havana Club Cuban Spiced,Van: € 24.99 voor: € 20.99
Famous Grouse Sherry Cask,Van: € 27.98 voor: € 24.99
Mortlach 12 Years,Van: € 62.99 voor: € 53.99
Bacardi Añejo Cuatro Años,Van: € 23.98 voor: € 17.99
Laphroaig Select Cask Single Malt Whisky,Van: € 41.99 voor: € 34.99
Licor 43 Horchata,Van: € 22.99 voor: € 17.99
Zoladkowa De Luxe,Van: € 14.99 voor: € 11.99
Tanduay Double Rum,Van: € 32.99 voor: € 26.99
Disaronno Velvet,Van: € 21.98 voor: € 16.98
Diplomatico Reserva Exclusiva,€ 39.99
Eristoff Red,Premium € 30.99
Borgoe Gold,Van: € 17.99 voor: € 14.99
Puschkin Red,Van: € 21.99 voor: € 16.99
Three Sixty Vodka,Van: € 10.49 voor: € 8.99
Grey Goose Le Citron,€ 41.99
Lofthouse Vodka,Premium € 35.99
Ron Zacapa Centenario,€ 29.99
Dalmore Cigar Malt Reserve,Premium € 24.99
Grey Goose,Van: € 55.99 voor: € 47.99
Yeni Raki,Van: € 119.99 voor: € 89.99
Molinari Sambuca,€ 41.49
Lagavulin 8 Years,Premium € 35.99
Laphroaig Quarter Cask Single Malt Whisky,€ 21.99
Southern Comfort,Premium € 18.89
Copper Dog Blended Malt,Van: € 19.49 voor: € 14.99
Vacu Vin Double Jigger,€ 6.49
Hertog Jan Bock,Van: € 1.09 voor: € 0.82 Per fles
Mucho Más Tinto,€ 6.59
Whale's Tale Sauvignon Blanc,€ 7.99 Per fles
